389
388
378
379
375
376
349
350
352
354
355
357
359
360
361
362
363
364
331
329
330
328
327
326
325
324
323
322
310
311
312
313
248
247
246
245
212
213
214
215
197
177
178
156
155
121
119
116
114
102
93
92
91
101
90
89
88
106
105
104
103
112
113
115
117
118
120
157
158
176
175
174
160
159
161
133
128
126
125
123
124
122
100
99
94
95
96
97
98
127
129
130
131
132
166
167
169
168
165
164
163
162
134
135
136
137
138
139
140
141
151
142
149
150
152
153
154
179
180
181
182
191
183
190
192
193
194
195
196
198
199
200
201
202
209
249
250
251
252
208
207
206
205
170
171
172
173
203
204
210
211
244
243
242
241
240
216
217
218
219
220
236
237
238
239
306
307
308
309
321
320
319
318
317
316
314
315
253
254
255
256
257
258
259
260
261
262
263
264
265
266
305
304
303
302
301
300
271
270
269
268
267
235
234
233
232
221
222
223
189
184
144
147
146
143
145
111
110
109
108
107
87
71
70
69
68
67
17
18
19
66
65
64
23
21
20
22
24
63
73
72
62
28
26
25
27
29
30
31
61
74
75
60
59
58
76
86
85
77
57
56
78
79
80
81
55
54
53
52
50
51
1
2
0
3
4
45
44
42
40
5
6
7
8
9
11
36
35
34
33
32
16
15
14
13
12
10
39
37
38
41
43
46
48
47
49
82
83
84
148
185
225
226
227
283
343
342
341
340
372
370
371
382
381
383
393
394
392
397
396
395
412
411
422
421
431
432
429
426
423
425
424
409
410
408
407
402
433
437
436
435
434
438
282
228
281
280
229
186
187
188
224
230
231
279
284
285
286
287
288
289
290
291
292
369
368
367
377
384
385
386
387
400
399
414
415
430
428
427
417
416
404
403
401
366
365
332
333
334
335
336
337
338
293
294
295
296
297
298
299
272
273
274
275
276
277
278
358
356
353
351
348
346
347
345
344
339
373
374
380
390
391
398
406
405
420
419
418
413
EOF
