207
167
169
168
165
159
136
135
134
133
162
164
166
163
161
172
175
176
177
178
179
180
181
153
149
151
150
142
152
141
140
117
115
114
116
121
124
100
99
94
95
97
96
98
127
131
132
130
129
128
126
125
123
122
120
118
119
92
93
91
101
90
89
88
71
87
70
69
68
67
17
19
18
66
64
65
21
20
23
22
24
25
27
26
63
73
72
62
28
29
30
31
61
60
58
59
74
75
76
86
85
77
57
56
78
79
80
81
55
54
53
52
47
46
43
41
42
39
40
38
37
36
35
34
33
32
16
15
14
13
12
11
10
9
8
7
6
5
4
3
0
1
2
44
45
48
51
49
50
82
83
84
148
185
225
226
227
228
281
280
229
186
187
188
224
230
231
279
284
286
285
339
287
288
289
290
291
292
358
356
355
357
354
352
353
351
350
349
348
347
346
344
345
376
375
379
378
388
389
390
391
398
395
396
397
393
392
394
383
382
371
370
372
381
380
374
373
340
341
342
343
283
282
438
434
435
436
437
433
402
407
408
410
409
424
425
423
431
432
429
426
421
422
411
412
406
405
413
420
419
418
414
415
399
385
384
377
386
387
400
430
428
427
417
416
404
403
401
316
317
318
319
320
321
322
323
324
325
326
327
329
328
330
331
299
297
298
294
295
296
334
333
332
335
336
361
362
363
365
364
366
367
368
360
359
369
337
338
293
277
278
276
275
274
273
272
223
222
221
232
233
234
235
236
237
219
192
193
182
191
183
190
189
184
144
147
146
145
143
109
111
110
108
107
106
105
104
103
112
113
102
137
157
138
154
155
139
156
158
160
174
203
173
202
201
200
198
199
197
196
194
195
217
220
238
239
264
265
305
304
303
302
301
300
271
270
269
268
267
266
306
307
263
308
309
310
311
260
262
261
259
312
313
257
258
255
256
248
315
314
253
254
251
252
250
208
249
209
247
246
245
244
243
242
241
240
218
216
215
214
213
212
211
210
204
205
171
170
206
EOF
